time,x,y,z,phi,theta,psi,x_velocity,y_velocity,z_velocity,phi_velocity,theta_velocity,psi_velocity,rotor_speed1,rotor_speed2,rotor_speed3,rotor_speed4
0.06,-0.0030882752423443214,0.0009732014278685918,9.987455928975624,4.479805391501422,3.475210315701659,0.0,-0.14630902199012147,0.026339508479191934,-0.4375516859907859,0.7319941708143574,0.6445735317062431,0.0,-231.1218442601257,-316.9315171364433,-209.54766796155957,311.97032751995425
0.12000000000000001,-0.004496824163788693,0.009936681538026274,9.949065391470729,0.1411081022441536,4.3859679647444025,0.0,0.15880607410731495,0.12719003312581217,-0.8445898114346508,-2.553047309228683,2.181683621194568,0.0,-187.9910418640246,-385.75149882040563,-544.1172525924554,237.06892777232332
0.18,0.009687787706642238,0.016597986483243475,9.877507553119518,0.8946790678061918,4.215050849394828,0.0,0.20926888395938692,0.014509023899490214,-1.6062710571863494,-2.884071504153162,4.91900645135953,0.0,-53.81364631431245,-460.75579550668175,-521.8585021291666,491.2314525817418
0.23999999999999996,0.02832424138415667,0.012296586132062392,9.76409203048229,1.0734220440439017,1.2470232708964417,0.0,0.4071311262780607,-0.1672828545395062,-2.0813895062528234,-3.7773383952111574,6.754207507859049,0.0,-238.32968836351256,-469.92031477584067,-532.8871585195519,457.0784382898652
0.3,0.047697174721436794,0.00501818227780805,9.623204917607278,1.0376838989700685,4.431105850128981,0.0,0.23253518895457032,-0.11930013672466815,-2.6385355915701423,-3.9298669993522184,7.794277809949802,0.0,-73.37962502404864,-361.41677764140115,-502.0539920025609,476.0691223480261
0.36000000000000004,0.07245373540090526,-0.003403579726540137,9.446883104755367,5.959747463524158,1.9832665512984438,0.0,0.5454527990109886,-0.18287683090537224,-3.163464426462018,-5.102191267627769,9.17308355882374,0.0,-30.610176571101395,-410.3024276031068,-434.88600850942714,292.11711502629
0.4200000000000001,0.09467846226364787,-0.012564781533351436,9.237069168334218,2.3168133626236695,4.209001813750353,0.0,0.26949831231691407,-0.05754796937734766,-3.747729369516626,-7.474149571453237,10.475587616907259,0.0,-62.1313553444728,-435.1800724342876,-486.91528657185233,172.2280202665361
0.48000000000000015,0.11851049763288221,-0.01783982574061658,8.996702920808003,2.3337178502876483,4.860314694363565,0.0,0.5322791949614015,-0.09869876790404378,-4.282062453342931,-7.711346035955529,10.422195557013858,0.0,-62.58380652038952,-326.5416712753784,-367.13483902913083,248.68074895517822
0.5400000000000001,0.16872426405428306,-0.018545565305864053,8.721893499508058,0.8905264092643783,2.839523281024647,0.0,1.1417890679661866,0.0732996763631684,-4.875869808330151,-9.619872488989547,11.810513163680888,0.0,-62.51592050496885,-470.50733771808865,-594.8449704663126,382.26079011547733
0.6000000000000002,0.23577160053432805,-0.025751581105242977,8.40615550832753,1.6250887332884192,3.7796692367318894,0.0,1.1561869378484055,-0.3337821284197025,-5.594317334922693,-10.016770108145703,11.64320916637161,0.0,58.16748934480977,-354.60770884215304,-504.6357222839612,364.68356848901425
0.6600000000000003,0.3163294701056795,-0.0517481268910015,8.054659699764365,1.2630758702066185,6.022949783940822,0.0,1.5492143392237696,-0.3775534163238522,-6.114673190677585,-10.186883865580915,12.070706544945105,0.0,-102.79631240352663,-421.1582085849593,-488.64048107652025,357.0136187317054
0.7200000000000003,0.4131993447249602,-0.06791548739227787,7.676985252500178,4.711480971879732,3.491328190451611,0.0,1.755283271080422,-0.21134864271126846,-6.58772204020078,-11.298746754366247,13.431081084228362,0.0,-67.29501394578192,-507.5454195978561,-631.3579298207061,456.4843511173221
0.7800000000000004,0.5286647679129072,-0.07424843229927755,7.261618628814252,4.49920014192478,4.49210305145564,0.0,2.1770412671481,-0.15335432046020758,-7.181399890463818,-12.196320172454893,13.277634636307335,0.0,-203.18315431137,-452.2300494780212,-596.9975184498662,399.2836240634833
0.8400000000000004,0.6742181296298442,-0.08113074271541983,6.811642851369247,3.255693668236951,5.35279354350358,0.0,2.66545251383707,-0.060248824751060956,-7.8062587975899955,-14.113946649523708,13.189155888103855,0.0,-62.71595315278043,-410.45034797738214,-595.163345990767,229.04058681252738
0.9000000000000005,0.837799831115779,-0.08501794961772825,6.315628344501585,2.743343392078099,1.6551671506307581,0.0,2.593357746659188,-0.04956256873611799,-8.719472557617364,-14.31426401404431,13.649375110044438,0.0,26.382705998624676,-456.0750568549396,-576.3721580316138,348.9131641165736
0.9600000000000005,0.9909489607826485,-0.08822070851613457,5.776488037226185,0.4775853725823076,1.6469697050186358,0.0,2.509032125051296,-0.0516001965191896,-9.286702124279609,-12.428419458889424,11.948878018683532,0.0,-23.976027732185525,-206.29776604107906,-291.2513877411772,202.1293676458512
1.0200000000000005,1.1369754292135295,-0.09306342384758454,5.201499154552595,5.724762052643587,0.6710785043995813,0.0,2.3919501100463765,-0.13213935460740386,-9.855077499365596,-10.943629762144079,9.248599507503771,0.0,313.1738916524338,-139.713583551276,-242.79710798874441,170.39879765374027
1.0800000000000005,1.277727376524683,-0.1029982853235172,4.5923715442483575,5.068495310743515,1.551779999180642,0.0,2.265714206227375,-0.20603136826305754,-10.466401728243467,-10.938449827350608,9.44459290640345,0.0,-118.42378073977173,-336.2322559957313,-359.9737451925969,114.53231465618944
1.1400000000000006,1.4117221529124726,-0.11685531641236022,3.943916975104632,5.77399113107181,0.8501399821351008,0.0,2.216850103522081,-0.2687493305332058,-11.116998214353279,-10.536926517597937,8.281735892673638,0.0,144.14787951335245,-125.33061635767909,-300.41223679678654,76.6465042730401
1.2000000000000006,1.5442696798756195,-0.13472861711501977,3.2583495293285645,5.240273074406886,3.310254777817491,0.0,2.2451238836249745,-0.36467943698035143,-11.721525471021721,-10.646619206568035,6.962372774388188,0.0,287.2447132886591,-215.0293736593117,-344.181330451906,36.110841022682926
1.2600000000000007,1.680620613513628,-0.1540306973004095,2.5336709813586613,2.0535524138469405,3.8181597758009342,0.0,2.2962615848338843,-0.31937991935169624,-12.385232872623037,-11.740498969172934,7.065002122963777,0.0,69.81889663718832,-245.12733683529024,-523.591801877419,275.16583992865424
1.3200000000000007,1.8200278141149602,-0.1742595545160855,1.7790951784684919,2.0570718191287654,4.8013319927685885,0.0,2.2571605676561073,-0.29015197146815785,-12.80377855812432,-11.451573905573333,5.81032309131777,0.0,270.22522156590014,-156.80014716126425,-405.5604038155301,231.25273678543775
1.3800000000000008,1.9570862130577318,-0.18815379383182573,0.9951995768310714,0.09221360495488184,2.813240719604476,0.0,2.2536010062172775,-0.21233681778150537,-13.39415768975006,-10.680591863363318,5.121485944684787,0.0,211.35897400386372,-157.2722128421155,-287.4846636914318,130.67122186349613
1.4400000000000008,2.0948109945081304,-0.2000766263298001,0.1783924531517927,3.5044129939945137,5.762769545787759,0.0,2.2659008937218617,-0.16597666399315825,-13.876304579634008,-9.028892600057144,3.77009951885453,0.0,278.17099234140017,-10.843365714992341,-210.58325158815762,255.38308469541852
1.5000000000000009,2.2279300184004645,-0.20786075585669006,0.0,4.6187524948016065,3.8084268897132354,0.0,2.185327658223469,-0.1225352789451269,-14.538749915195698,-9.474850798160132,2.65282807871354,0.0,280.4045897971813,-91.9279289411343,-343.96245162396934,59.57566554096357
