time,x,y,z,phi,theta,psi,x_velocity,y_velocity,z_velocity,phi_velocity,theta_velocity,psi_velocity,rotor_speed1,rotor_speed2,rotor_speed3,rotor_speed4
0.06,-3.121549907480812e-07,-4.559915736184734e-08,10.000826500304917,6.282851918905415,0.0003198360757208363,0.0,-2.655569505823465e-05,-1.369163895678698e-05,0.027549434059245134,-0.020004683039096173,0.014290430892426353,0.0,412.8985251485912,414.1570357244745,413.9030050616596,412.13907269466597
0.12000000000000001,-1.2452398209586872e-05,-1.3290142845933266e-05,10.007022490553714,6.281504771067901,0.0010521913090659751,0.0,-0.00046565780199876283,-0.0005668603043563335,0.17897101305351906,-0.027861928142707278,0.007671924321131159,0.0,453.18515109013447,452.65282262451785,453.2483769741664,452.6165519468126
0.18,-6.292126466165556e-05,-8.474832708949574e-05,10.018984820097762,6.279985589096302,0.002327891977128793,0.0,-0.0013055988163476555,-0.00196342554820963,0.21976549627233546,-0.020667267850275235,0.03982460623566897,0.0,416.7594952060179,419.55994731002625,416.99490131782005,417.6226445074212
0.23999999999999996,-0.00020537923732195134,-0.0002812391337906139,10.037681884523575,6.279291940867019,0.004393451841472995,0.0,-0.0037012507741510164,-0.004691698282619461,0.40342131003120746,0.0022681790498220583,0.02052858652903955,0.0,463.34584286255887,461.8270438979243,462.0254152940785,463.82993248041345
0.3,-0.0005329250898137958,-0.0006508257454535921,10.067017820438535,6.27949904726508,0.005772076164901385,0.0,-0.007363922520098499,-0.007608163684973309,0.5743717016014863,0.00571982679893074,0.02747180216180946,0.0,458.6612538826071,459.21228827358993,459.04849979795677,459.3222060010225
0.36000000000000004,-0.0011171758621810232,-0.001191928000624984,10.107223438183484,6.279997845073442,0.0076001602861346385,0.0,-0.012311937091645355,-0.010379032129669764,0.7657054815467724,0.013052304578875257,0.03587164588052486,0.0,464.41073271382953,465.06928235847096,465.67830561244153,466.25131990306994
0.4200000000000001,-0.0020383064343152237,-0.0018838103524703763,10.15825673427039,6.280861157897828,0.010113976895606669,0.0,-0.01865582415455772,-0.012590747775612504,0.9352787070277315,0.016935298349560753,0.05182399388966212,0.0,458.94668898235693,460.21177477978097,458.4088020913481,458.7170976345054
0.48000000000000015,-0.003369360843267012,-0.002681022794716642,10.216488014283723,6.282298690363756,0.013540089116386156,0.0,-0.02603267607488294,-0.01386039135655529,1.0057008464930588,0.03521887708678152,0.06598305352792821,0.0,427.3420464241828,428.5494544492818,427.9299337220841,429.48337294807385
0.5400000000000001,-0.005201601535740559,-0.0035221190561252574,10.27811172870524,0.0009968566175846405,0.017219207188071017,0.0,-0.03540067095588735,-0.01398797923215085,1.0483791160245064,0.02235948939773587,0.049816755624855706,0.0,419.7245538265343,418.3222166929923,420.2948488797979,419.17938362376475
0.6000000000000002,-0.007725349482808537,-0.004333460596502931,10.345835579106012,0.0019926515707942016,0.02034831651395308,0.0,-0.04906137466111096,-0.01292320951423188,1.2089197092867376,0.001416180908569705,0.05645328884889382,0.0,455.81626190642,456.3479318522548,458.4555954897408,456.78862962847984
0.6600000000000003,-0.011128016382311106,-0.005064690425471401,10.422591990286785,0.0022948632831729654,0.023688435729963153,0.0,-0.0647209901161387,-0.011429633791568968,1.349463458153347,0.011441076486883396,0.054051975816428274,0.0,451.2422318017459,451.0504089729362,450.6306166520514,451.4400877089075
0.7200000000000003,-0.015543211975767628,-0.005697567442349789,10.507779792244914,0.002684010171243756,0.02726745155972221,0.0,-0.08281847301640306,-0.00960590670962067,1.4899471846480805,-0.0059439733637869615,0.06898438920857235,0.0,451.18890024742444,452.3951387090816,451.7711521255029,450.367260379415
0.7800000000000004,-0.021248148004880972,-0.006205009407423033,10.605729666229578,0.0025593352104271716,0.030843144103214648,0.0,-0.10785585291138099,-0.007339805082245668,1.774635305094506,0.004709025297825398,0.023855509721151066,0.0,496.12011512396595,492.79754101248994,493.6247445671346,494.4102204805648
0.8400000000000004,-0.02837805491922732,-0.006590231038238225,10.715711048719294,0.002641562436815015,0.031972454727558386,0.0,-0.12993872215465901,-0.005481298956995778,1.8912194759556789,-0.006321106181635397,0.006139973913291056,0.0,445.60468265034507,444.1541920379085,446.19300510878816,445.29164955617927
0.9000000000000005,-0.036875709277553084,-0.00686275492322132,10.833401336461833,0.002376914639885541,0.031972448033529055,0.0,-0.15333381738641833,-0.0036379309359340127,2.0315491763948366,-0.0008403075294318243,-0.01658453673404027,0.0,454.2554468773699,452.42963023063055,452.592057082767,453.03301620026235
0.9600000000000005,-0.04687093345846035,-0.007021954763426024,10.96260991279754,0.001980372850024281,0.031461027744065895,0.0,-0.17973823340681286,-0.0016927954445864267,2.274952927703424,-0.02181196568819787,0.004050016978189914,0.0,482.97661657295134,484.530410132832,485.44088183330473,483.8648250700452
1.0200000000000005,-0.05838431089712567,-0.007083401726058003,11.104569231698536,0.0005780933773973373,0.03141467624630234,0.0,-0.20404397111355133,-0.0005104619463783819,2.4566499250851095,-0.026687789216793954,-0.012778328034668,0.0,467.7919606702702,466.4797824058024,467.18517942295045,466.80484193811895
1.0800000000000005,-0.07127516094324153,-0.0071082001883224265,11.255010442972821,6.282158499449004,0.030307087343858008,0.0,-0.22555305380018686,-0.00047998227191827793,2.5578376150474442,-0.02686973525833019,-0.03334736748175178,0.0,443.428671541582,441.73577508821654,443.83196656388384,443.8168736490641
1.1400000000000006,-0.08547789370634262,-0.007166080864739955,11.413136437246779,6.280005377150802,0.02864543459636515,0.0,-0.24766259829465223,-0.0016406216669381287,2.712678938062291,-0.06802170137196031,-0.01828109124933009,0.0,458.705846799106,459.9005015628232,462.7614103955684,459.5098174334012
1.2000000000000006,-0.10092076534794332,-0.007344215734758885,11.578691660499423,6.276539726537711,0.027565860638368633,0.0,-0.2669849675349798,-0.0046718188769498455,2.805605407877347,-0.042622534869185595,-0.017422694782207718,0.0,441.4770224482395,441.5479069115096,441.10170866234415,443.1916663853587
1.2600000000000007,-0.11756765558948441,-0.007787443201790072,11.752242027652242,6.273837288585476,0.0261102703704168,0.0,-0.2877663748832508,-0.010395502217537506,2.9789717018558135,-0.05037624070304481,-0.04367486520424344,0.0,468.8980333712076,466.8540191571496,466.39653120073785,465.7894737426524
1.3200000000000007,-0.13543844121850265,-0.008639452834663327,11.936824370329152,6.272961674939065,0.023891968738979585,0.0,-0.3076376551436845,-0.01818061358294574,3.1732592296131497,0.01800191860302905,-0.026132585315159513,0.0,473.8564267722805,475.2024332169722,470.98170781295346,476.2403706765669
1.3800000000000008,-0.1543323277063727,-0.009913883250924987,12.127910797831792,6.274387812982226,0.022562940333646253,0.0,-0.3220284867296082,-0.02418444244784262,3.1962282539466482,0.03334111748803062,-0.015185681041195616,0.0,420.88542589419995,421.831755939426,421.5848982613861,422.90833309666243
1.4400000000000008,-0.1741168144850673,-0.011537808428141214,12.322534764921372,6.27635395120037,0.022286184196565806,0.0,-0.3373955151365311,-0.029743410525852915,3.2909711612228976,0.03159963395886051,0.010874626767522922,0.0,443.84634577460287,445.9801092742111,445.24576775161,445.10367472176335
1.5000000000000009,-0.19493178203776995,-0.013486899875521895,12.527698080363981,6.277993082860286,0.022886073489910785,0.0,-0.35649924963547874,-0.03499817714517666,3.547044947186218,0.0169767531122085,0.008184901930313232,0.0,493.8140428798045,493.6154553996156,493.972177480727,492.8927525189683
1.560000000000001,-0.2168075780823288,-0.01569198951538615,12.743869848660914,6.27870712075323,0.02330502396357126,0.0,-0.3727344915991007,-0.038410537721514273,3.6583285270806116,-0.0009209704513091907,0.0044621482940126215,0.0,452.7174789962202,452.4177154107652,452.9036215729666,451.4616589278207
1.620000000000001,-0.23959863589217284,-0.018078099050529005,12.963847271311748,6.278550185275368,0.023484250249029337,0.0,-0.3869879040154729,-0.04113551879733333,3.674199354550119,-0.006240916249063235,-0.0001396495791427773,0.0,422.4395103199593,422.04242996244153,423.3394283136499,422.88144170006194
1.680000000000001,-0.26332551819678174,-0.02064695003514457,13.188087732808283,6.278370413852418,0.023639822378886954,0.0,-0.4039084686297918,-0.04451952683804656,3.800070484747223,0.00281087270281213,0.007563761895292646,0.0,456.9613550615272,457.57500655604383,457.76321958468657,458.48304814219
1.740000000000001,-0.2880270153197981,-0.023411029395014892,13.417944464563757,6.277993193941258,0.024061200712560904,0.0,-0.4195135711504888,-0.0476113794452143,3.8616115366890185,-0.03916693362002335,0.005918811050312568,0.0,439.2387264747008,439.10216850941805,439.59082903683515,436.09820641055524
1.8000000000000012,-0.3137193209156029,-0.02638804364982391,13.653396822512857,6.275830643193245,0.024730771389370076,0.0,-0.43694371394335596,-0.051857587031250596,3.986367979824162,-0.03043097290053058,0.01999075802489611,0.0,458.8947455593996,460.0103654201308,457.48595034521634,458.18049910449423
1.8600000000000012,-0.34042763516160823,-0.029649277437095715,13.894436286474008,6.273474990972112,0.025783780524308852,0.0,-0.45343830363510884,-0.05703731288699591,4.04805654365749,-0.06988418049929,0.012157997193815192,0.0,440.46616218938465,439.8177939600168,441.3614291583086,438.0916727831923
1.9200000000000013,-0.3681347266341751,-0.033272147075938584,14.13878467372208,6.269031690388218,0.026524260849845938,0.0,-0.47019796555247484,-0.06412904368739968,4.096706851683312,-0.08406767879659804,0.0127055173318287,0.0,436.7040099273908,436.7495627785107,436.3829238819608,435.19275417037005
1.9800000000000013,-0.39690869810604407,-0.037434882885871316,14.387801270276247,6.263694706318853,0.026928638188351783,0.0,-0.48899013706574707,-0.07515477404119625,4.203445772249507,-0.10113257639226163,-0.009186748970273117,0.0,456.187555194261,454.43589052972385,455.1279617461923,453.7534176880533
2.0400000000000014,-0.42676625154720904,-0.04233644600462828,14.641441759741268,6.258597132306559,0.026113841865671006,0.0,-0.5061971625413159,-0.08874233450641807,4.251050014006079,-0.06407481081813224,-0.024259109487692596,0.0,438.1341854282596,436.87923304257197,435.3041892432719,438.3877486903118
2.1000000000000014,-0.4576383441166162,-0.04814378174399592,14.897945871354786,6.2552204563331735,0.024531150080070674,0.0,-0.522728587235647,-0.10516826288163102,4.298902187175302,-0.04403604485247693,-0.03099367886551662,0.0,437.91708033237745,437.3563073349252,436.83506983440424,438.5006864969775
2.1600000000000015,-0.489468071426611,-0.05499281963618383,15.157162817962545,6.2527509035828075,0.023071167239665513,0.0,-0.5381092048378482,-0.1233669016803086,4.341497703193949,-0.03595167885246737,-0.013549224919694668,0.0,436.70911473778546,438.1617788803108,434.95036178103715,435.62601405838905
2.2200000000000015,-0.5222569561440739,-0.06305944470278826,15.42155360357295,6.250893504592732,0.022228123181514015,0.0,-0.5547571731892323,-0.1457169972935435,4.471022967290157,-0.022480514893621142,-0.015073075140626951,0.0,464.817387211225,464.6980620660557,462.1929295042857,463.2531892167313
2.2800000000000016,-0.5560164177208105,-0.07248876291568326,15.693237141004099,6.249258939695604,0.020863207259463223,0.0,-0.5704419279859692,-0.1687317007467541,4.584640467040323,-0.03905472011174919,-0.046139768255976744,0.0,461.1386933292348,458.6776648043412,460.6524083912834,459.3395820766793
2.3400000000000016,-0.5906160633655999,-0.08322432450058424,15.96847485333978,6.247603834006524,0.01889494023877436,0.0,-0.582682441053268,-0.18929002857922375,4.589927305039475,-0.011141826752341823,-0.014487480774945606,0.0,424.89255625167533,427.59719535376064,425.9652728585453,428.34553733198544
2.4000000000000017,-0.6259843893546073,-0.0953381114223455,16.247394630067976,6.2471994548319785,0.01819949216236605,0.0,-0.5961745877467005,-0.21454087388486104,4.706919881915234,0.000863825725057844,-0.006349392217664064,0.0,462.0216200111774,462.6629907641358,461.0920625949299,462.0397501966934
2.4600000000000017,-0.6621280165527416,-0.10892996140580913,16.532134535888975,6.24700000147115,0.01748253536762423,0.0,-0.6085590980845527,-0.2385152051805339,4.784087196467161,-0.013395223656816394,-0.026548941697202615,0.0,450.8944466361558,449.2594983427684,451.93780234480556,450.7869618161574
2.520000000000002,-0.6990578904480688,-0.12409720243902317,16.82507217400523,6.24590125192784,0.015580989257835576,0.0,-0.6222266918490035,-0.2671372812406555,4.979666090034744,-0.030618123966304797,-0.04473244720440332,0.0,487.92862581357616,486.56876005203696,486.90722619158043,485.6169528768316
2.580000000000002,-0.7366111099295433,-0.14064303497973976,17.119937636834848,6.244123500692734,0.012576871614679241,0.0,-0.6293693471272049,-0.284535221071044,4.8497459163162535,-0.027721575417924253,-0.06375028088498949,0.0,384.28072557722885,382.4712375304547,384.05959204927143,384.3338522971437
2.640000000000002,-0.7746324143729277,-0.15853076422129622,17.41395863503462,6.242197819367714,0.008747596998775364,0.0,-0.6376175215785315,-0.3118875574770607,4.950523414321572,-0.04271142649707344,-0.06396348079391644,0.0,458.83914381648896,458.8193845269201,460.2240180397885,459.0355038822154
2.700000000000002,-0.8130835302386403,-0.17816959373453753,17.715631839734513,6.2396703299594805,0.0050359217339419615,0.0,-0.6436718117414553,-0.3429925725635426,5.104568763891635,-0.040977006267811436,-0.0579590603584843,0.0,475.93296864408677,476.3898862189846,475.9052559589305,476.037178446467
2.760000000000002,-0.8517985415972525,-0.19954126095022595,18.022237745511283,6.237249129673907,0.0014416386948781224,0.0,-0.6465195771073107,-0.36961173794252006,5.115573839140147,-0.03913461665279218,-0.06410944349785686,0.0,433.44638169833974,432.9264648817082,433.5084097905217,433.6623327587005
2.820000000000002,-0.8906224336220229,-0.22273700210519834,18.33345888780078,6.23494555816929,6.280600478710866,0.0,-0.6471898070019196,-0.4038023259202528,5.257812054689233,-0.03694948741202148,-0.07389998356315444,0.0,474.9853342518544,474.2307103554983,473.4135749886887,473.5810828572798
2.880000000000002,-0.9294082135795019,-0.24787534743049014,18.64994434333884,6.2327119148977435,6.276333643863257,0.0,-0.6452748112776922,-0.43434127749259216,5.291541041522693,-0.03778892777909021,-0.0660571862596654,0.0,442.13660320321054,442.7784591769391,441.9243956093813,441.8545295811
2.940000000000002,-0.9680286839458463,-0.27470902490494653,18.964933885035283,6.230303427094565,6.272517707992396,0.0,-0.6417842311189645,-0.4603103415713541,5.208486098794133,-0.04531750522030382,-0.05908925121626278,0.0,402.86654265091784,403.49278826563705,404.76804361621515,404.0887985758499
3.000000000000002,-1.006313028325644,-0.30347503075264204,19.281230038168072,6.227232670294008,6.269465568694855,0.0,-0.6340249066129856,-0.49882862617225127,5.334119728283428,-0.06671189020089348,-0.03810357813626482,0.0,468.8309030192072,470.4572006641192,471.23363584028533,469.57503047062306
3.0600000000000023,-1.0441523527308718,-0.33429775325434924,19.59933383613781,6.223792392347333,6.267356512445847,0.0,-0.6271123187123855,-0.5288987081782914,5.269616494642576,-0.04320264694163822,-0.029818871630423696,0.0,410.43787327643906,411.1719722161135,409.591745561244,411.67483549475145
3.1200000000000023,-1.0814611697434302,-0.36728607230576865,19.91874959570129,6.220722804899095,6.265369819446629,0.0,-0.616329626792685,-0.5709655352171238,5.3770475078510245,-0.07606518723606516,-0.04067815323536425,0.0,465.61066180760145,464.7597946302527,466.57324338846155,463.9982059945097
3.1800000000000024,-1.1181041896111512,-0.40278357353032385,20.24324172579531,6.216652427634024,6.263038906148994,0.0,-0.6048806576543034,-0.6126787501646777,5.439023351190131,-0.055069324495974174,-0.03542059002491362,0.0,452.01143546344565,452.43427982150126,451.7786379797906,453.4650930494707
3.2400000000000024,-1.1540045443238967,-0.4408976463502436,20.572014392418673,6.213531614755222,6.2612880481238875,0.0,-0.5916155695544635,-0.658083232474787,5.519641365505169,-0.04651404155539338,-0.018961188253820496,0.0,458.84347532932424,460.148241136881,457.871143814871,458.549698148617
3.3000000000000025,-1.1890938836264273,-0.4817434657532423,20.904854436071005,6.210937482382176,6.260264895245042,0.0,-0.5779305758455899,-0.7036829228029896,5.5747224416451004,-0.03737615609473413,-0.01348534965152869,0.0,451.74313805063184,452.184629926574,451.3613333682617,452.0972979473519
3.3600000000000025,-1.2233246593951463,-0.5254314354837732,21.24178523851286,6.208969177934193,6.259126981289356,0.0,-0.5630092243727267,-0.7527635851421932,5.655869901040154,-0.024951082992726647,-0.03314466654009751,0.0,461.39445858784296,459.8395025059475,459.8999774900213,460.88282832170205
3.4200000000000026,-1.2566271898077486,-0.5721184847849656,21.583799893249516,6.207144192067528,6.2571061266599965,0.0,-0.546884244412904,-0.8036049838183009,5.7441453858255365,-0.044543635260466695,-0.03477533681863188,0.0,463.25020971176576,463.12154038312605,464.68977348658126,463.1507803661744
3.4800000000000026,-1.288977234310083,-0.621734534454375,21.928971367512446,6.204514751355987,6.254989285941221,0.0,-0.5312634475904824,-0.8504972626208938,5.761441879345383,-0.04242267183932433,-0.036310783608772684,0.0,442.9919467977236,442.865102946301,441.9924537023338,442.1661607929523
3.5400000000000027,-1.3201818985547633,-0.6746797872592027,22.281068385001802,6.201818696946653,6.2524295624176265,0.0,-0.5086471966220164,-0.9145707264237128,5.973980773951477,-0.05049937607201019,-0.06006034442025564,0.0,501.7258974208876,499.9974615770766,501.4621303624079,500.87406836279337
3.6000000000000028,-1.3501106404741277,-0.7311491242781983,22.641182446349966,6.198457751598738,6.248953791853555,0.0,-0.4886499206581547,-0.9680207618790526,6.029473609260638,-0.07031533239665455,-0.053977851371428895,0.0,457.3599784043933,457.84203359447105,457.4250439127112,455.84179191923914
3.660000000000003,-1.3786223877231172,-0.7912662313436619,23.008944582215847,6.194269177728154,6.2459123730027315,0.0,-0.46141357597190147,-1.0362819499007845,6.228113845833534,-0.06881725020688166,-0.044816762455846225,0.0,500.1715249610733,500.8370455481829,499.3964559139197,499.50261537240794
3.720000000000003,-1.405589555163551,-0.8551997272125821,23.384401761512933,6.1897764194966385,6.243079125748261,0.0,-0.4372391711293297,-1.0952158852162488,6.286722367558274,-0.09115159499738253,-0.05252191271059844,0.0,461.40684550342695,460.7967481872199,462.08098063497505,460.31217552420213
3.780000000000003,-1.4310583572161162,-0.9227407303954666,23.76313882970621,6.18397487802137,6.239762876617377,0.0,-0.4114264410367995,-1.1566536792479303,6.337461372064358,-0.11106967679063061,-0.06142712928708772,0.0,460.49260736365505,459.78551039010176,459.8184241184695,458.2295516999464
3.840000000000003,-1.4550987135809652,-0.9936608776765401,24.140714015009912,6.178012319207253,6.2364074336626025,0.0,-0.38963708780066814,-1.2078625172525086,6.24876906185353,-0.08270746401822722,-0.04672356236259971,0.0,414.6074105255599,415.89513193699423,414.32259474610333,416.7995859961439
3.900000000000003,-1.4776087559842188,-1.068129232549656,24.5166186941057,6.173435188639914,6.233573302994873,0.0,-0.3604453527273848,-1.2748340285434514,6.28109902618116,-0.06582374988231761,-0.04827923949553793,0.0,453.4799585022485,453.35365902529827,453.746439791125,455.0955611028611
3.960000000000003,-1.4982633550028372,-1.1468087466338879,24.895440096925434,6.169804858449734,6.230464296522154,0.0,-0.327768402782084,-1.3481437499657212,6.345812386941398,-0.05156703612589624,-0.06004197962443622,0.0,464.5013156040011,463.5761017151598,464.3605891743168,465.47536000408047
4.020000000000002,-1.5169730691738315,-1.2297881521178091,25.276656863016985,6.1665857099783,6.2274399775493166,0.0,-0.2955996545257415,-1.4181127128873445,6.361224451585106,-0.058186840195307614,-0.035967664468164795,0.0,449.55859683120474,451.50376778463215,450.0989814512751,449.56091791954674
4.080000000000001,-1.5334318204076904,-1.3175880716159005,25.663547537850203,6.162914858574862,6.225406303031708,0.0,-0.252842662570868,-1.5088408345755455,6.5340174541591,-0.06796232586423186,-0.030041818551470825,0.0,496.78340898021423,497.21747890249515,498.5711370235586,497.85400494460583
4.14,-1.5473891039074705,-1.410693117194173,26.058931361646554,6.159438844659817,6.2245180631478085,0.0,-0.21230667896625827,-1.5949709647262318,6.644664219343554,-0.04305358344433924,0.005275754190443384,0.0,480.1576493718529,482.8301287992597,481.13930716071303,483.0196168616329
4.199999999999998,-1.5592607235749552,-1.5082768798816013,26.454857786769036,6.156897649254365,6.224624573854957,0.0,-0.18339485550316958,-1.6580851947990842,6.553318894344369,-0.040988533888014274,-0.006353538917746829,0.0,420.93472151424544,419.9268363042803,419.15981807421633,419.33819887848455
4.259999999999997,-1.568938280390028,-1.6106738395781568,26.85302849663256,6.154212216827695,6.223916116942359,0.0,-0.13918827593850497,-1.7553165139028026,6.717941671441141,-0.053622082158784924,-0.025899240590559574,0.0,499.4828237478051,498.05515297490587,497.87226043118073,496.9459216092639
4.319999999999996,-1.5762497452830955,-1.7183030806785353,27.25593755671147,6.15177059189099,6.222581833047382,0.0,-0.10439985364141542,-1.8325756882197204,6.712269990841653,-0.02277339648195814,-0.015771226026305686,0.0,448.6484355247697,449.4701807511962,448.20147389969077,450.7012211842745
4.379999999999995,-1.581525602986543,-1.8304490545370982,27.657284040641493,6.150311640968834,6.221550059335176,0.0,-0.07136405976962812,-1.905788557880978,6.666119891596988,-0.027594010368707927,-0.020210266702394862,0.0,436.7202331504486,436.34978677071445,436.5472357906857,436.1446011522203
4.439999999999993,-1.5846001559898728,-1.9474470713181993,28.059061282879906,6.148429446140614,6.220262227696264,0.0,-0.031022588694639308,-1.9942807538495466,6.725975691195296,-0.04025626857934074,-0.024096676916372458,0.0,469.79837183439156,469.496885621571,469.53344735680236,468.54951600019564
4.499999999999992,-1.5855094566804475,-2.0691979749504874,28.460001398625874,6.145890198688848,6.218945378697292,0.0,0.0008486130873102248,-2.0643523386526867,6.639091058819847,-0.04680608900930961,-0.01796303516733815,0.0,422.65912213483506,423.1875237245613,424.6850465182378,424.1216348238247
4.559999999999991,-1.584303178710413,-2.195588131519534,28.858535895804746,6.143312866819313,6.21803098407495,0.0,0.03944519958573996,-2.1488990802855414,6.645212902705161,-0.03619479208147016,-0.010285121403750035,0.0,453.2205253146273,453.83746116309777,452.0406220332191,452.89411114178574
4.6199999999999894,-1.5806152738787906,-2.327421457506573,29.2596968035645,6.140760332581769,6.217381267548001,0.0,0.08351456605458786,-2.245723440003755,6.726183100888687,-0.059925300212551935,-0.011938364040750457,0.0,475.7367671206065,475.6102666097754,477.7757765522274,475.961643390515
4.679999999999988,-1.574506199435496,-2.46461422301181,29.66214496559241,6.136770448826889,6.216695461073602,0.0,0.12019125247855961,-2.3277201948423505,6.688811447408527,-0.08478520396327749,-0.010432499546750953,0.0,440.78355596747974,440.9081417742572,441.9521960746251,439.8942476180772
4.739999999999987,-1.5663561823433165,-2.6064255212149257,30.05979395399134,6.131728971610043,6.216370872288845,0.0,0.1515536057558588,-2.3997916266099426,6.566699266701931,-0.08254621160903328,0.00310802369991743,0.0,412.40035301899246,413.59507954460923,411.9377319131628,412.1293528086355
4.799999999999986,-1.5561223791931371,-2.753087573500874,30.453036531075306,6.126694960781359,6.216560593832533,0.0,0.18956262761188475,-2.4893937337314007,6.541326910709955,-0.08675381803019593,0.0032698188616164968,0.0,443.5039420495161,443.5171710762841,443.7522905943942,443.4008936591735
4.859999999999984,-1.5433353829959546,-2.905866341328369,30.84882442398673,6.121390996787149,6.217251003295885,0.0,0.23656960580623082,-2.6036794983730718,6.650697819289781,-0.09190972908257682,0.02429659111584711,0.0,483.36390508237434,484.94617136394055,486.1882095090017,485.79589249491085
4.919999999999983,-1.5280665020478958,-3.064831969565175,31.246347867647767,6.11584188298535,6.218609162534413,0.0,0.27229250879160677,-2.6956764469848884,6.600152693251923,-0.09366093499780476,0.01908917375450078,0.0,437.6307074787527,437.1969663596105,437.56587888355796,437.4126669749887
4.979999999999982,-1.5106297362823635,-3.22953195806916,31.641513433610086,6.110588037593907,6.219756576849022,0.0,0.30883927033016595,-2.7948138280886456,6.571952490518461,-0.07754279036021805,0.019192274469109927,0.0,444.134418432939,444.1428295169831,444.32011838736474,445.6334520299426
5.0399999999999805,-1.491021871466937,-3.4002687146760913,32.0349368902746,6.105647868730818,6.220359582712048,0.0,0.3446723869638233,-2.8968557408273834,6.542096331097361,-0.09423858734402364,-0.023236895444421663,0.0,445.9966051601049,442.5166905187219,444.80144597426033,443.4260143098042
